# id	file_path	transparent_color_r	g	b
[TEXTURES]
140	Textures\Knight.png	116	116	116
150	Textures\DarkenBat.png	255	0	255
# id	left	top	right	bottom	texture_id
[SPRITES]
#knight
4000	0	0	40	80	140
4001	40	0	80	80	140
4002	80	0	120	82	140
# Darkenbat
4003	0	0	32	32	150
4004	32	0	64	32	150
4005	64	0	96	32	150
4006	96	0	128	32	150
# ani_id	sprite1_id	time1	sprite2_id	time2	...
[ANIMATIONS]
4000	4000	150	4001	150	4002	150
4001	4003	100
4002	4004	120	4005	120	4006	120
[ANIMATION_SETS]
20	4000	70
21	4001	4002	70
[OBJECTS]
# type	x	y	ani_set_id	extra_settings per object type
# type: 0 = Simon , 1 = Brick, 2 = Candle , 3 = Gate, 4 = Stair, 5 = break brick, 6 = Moving PlatForm  , 7 = knight, 8 = darkenbat
# Simon
0	768	370	1	7	10	176	1	0
# Brick
1	0	240	2	1
1	32	240	2	1
1	128	304	2	1
1	160	304	2	1
1	192	240	2	1
1	224	240	2	1
1	256	240	2	1
1	288	240	2	1
1	384	240	2	1
1	416	240	2	1
1	448	240	2	1
1	480	240	2	1
1	512	240	2	1
1	544	240	2	1
1	576	304	2	1
1	608	304	2	1
1	640	368	2	1
1	672	368	2	1
#1	704	240	2	1
1	704	272	2	1
1	704	304	2	1
1	704	336	2	1
1	704	368	2	1
1	736	240	2	1
1	768	240	2	1
1	800	240	2	1
1	832	240	2	1
1	864	240	2	1
1	928	304	2	1
1	960	80	2	1
1	960	112	2	1
1	960	144	2	1
1	960	176	2	1
1	960	208	2	1
1	960	240	2	1
1	960	272	2	1
1	960	304	2	1
# candle
2	154	112	1	0
2	282	112	1	0
2	410	112	1	0
2	528	112	1	0
2	666	112	1	0
2	794	112	1	6
2	922	112	1	1
# Gate
3	736	464	2
3	-30	144	4
# Stair
4	768	432	7	0
4	800	400	7	0
4	832	368	7	0
4	864	336	7	0
4	896	304	7	1
# BreakBrick
5	704	240	1	14
# Moving PlatForm
6	68	240	18
# mobs
7	256	159	20	0	1	250	270
7	640	287	20	0	1	639	672
8	592	122	21	0