# id	file_path	transparent_color_r	g	b
[TEXTURES]
160	Textures\Hunchman.png	116	116	116
170	Textures\Ghost.png	116	116	116
# id	left	top	right	bottom	texture_id
[SPRITES]
#monkey
4007	0	0	32	32	160
4008	32	0	64	32	160
#Ghost
4009	0	0	32	32	170
4010	32	0	64	32	170
# ani_id	sprite1_id	time1	sprite2_id	time2	...
[ANIMATIONS]
4003	4007	120
4004	4007	120	4008	120
4005	4008	120
4006	4009	120	4010	120
[ANIMATION_SETS]
22	4003	4004	4005	70
23	4006	70
[OBJECTS]
# type	x	y	ani_set_id	extra_settings per object type
# type: 0 = Simon , 1 = Brick, 2 = Candle , 3 = Gate
# Simon
0	1470	336	-1	0	128	50	1	6
# Brick
1	1504	272	2	2
1	1504	400	2	2
1	1472	272	2	2
1	1472	400	2	2
1	1440	400	2	2
1	1408	400	2	2
1	1376	400	2	2
1	1344	400	2	2
1	1312	432	2	2
1	1280	432	2	2
1	1248	432	2	2
1	1216	432	2	2
1	1184	432	2	2
1	1152	432	2	2
1	1120	432	2	2
1	1088	432	2	2
1	1056	432	2	2
1	1024	432	2	2
1	992	432	2	2
1	960	432	2	2
1	928	432	2	2
1	896	432	2	2
1	864	336	2	2
1	864	432	2	2
1	832	336	2	2
1	832	432	2	2
1	800	432	2	2
1	768	432	2	2
1	736	432	2	2
1	704	432	2	2
1	672	432	2	2
1	640	432	2	2
1	608	336	2	2
1	608	432	2	2
#1	576	336	2	2
1	576	432	2	2
1	544	432	2	2
1	512	432	2	2
1	480	432	2	2
1	448	432	2	2
1	416	432	2	2
1	384	432	2	2
1	353	272	2	2
1	352	432	2	2
1	320	272	2	2
1	320	432	2	2
1	288	272	2	2
1	288	432	2	2
1	256	272	2	2
1	256	432	2	2
1	224	272	2	2
1	224	400	2	2
1	192	272	2	2
1	192	400	2	2
1	160	400	2	2
1	128	400	2	2
1	96	336	2	2
1	96	80	2	2
1	64	336	2	2
1	64	80	2	2
1	32	336	2	2
1	32	304	2	2
1	32	272	2	2
1	32	240	2	2
1	32	208	2	2
1	32	176	2	2
1	32	144	2	2
1	32	112	2	2
1	32	80	2	2
# Gate
3	1504	304	3
3	96	-16	5
# Stair
4	288	240	7	2
4	256	208	7	2
4	224	176	7	2
4	192	144	7	2
4	160	112	7	2
4	128	80	7	2
# breakbrick
5	576	336	2	5
#mobs
9	1400	336	23	-1
10	864	100	22	0